ID	TPIBK_RecipeParameterData_ID	TPIBK_RecipeBatchData_ID	Value	CustomEU
62	57	217	25	Lbs
63	58	219	22	Gal
64	59	220	22	
65	65	220	25	
66	73	221	22	
67	72	221	150	Gal
68	53	223	25	Gal
69	54	224	52	
70	56	225	150	Gal
71	51	226	0	
72	74	227	55	Gal
73	75	227	25	Lbs
74	52	228	25	Gal
75	76	229	51	Gal
76	49	230	25	Gal
77	48	231	55	Lbs
78	47	232	52	
80	68	233	1	
81	78	233	1	
86	69	242	2	
90	69	243	1	
99	69	257	2	
103	69	258	1	
112	69	272	2	
116	69	273	1	
125	69	287	1	
129	69	299	1	
136	69	312	1	
143	69	325	1	
150	69	338	1	
154	69	350	1	
161	69	363	1	
166	69	376	1	
168	99	383	1.5	
169	100	383	2.5	
172	69	389	1	
174	99	396	1.5	
175	100	396	2.5	
177	50	401	1	Gal
178	50	410	1	Gal
179	50	419	36	Gal
180	44	426	45	Gal
181	44	428	1800	Gal
183	44	443	45	Gal
184	44	445	1800	Gal
185	44	455	45	Gal
186	44	457	1800	Gal
187	67	457	1	
188	60	457	150	Gal
189	44	467	2500	Gal
190	44	469	1800	Gal
191	67	469	1	
192	60	469	1500	Gal
193	61	473	850	Gal
194	44	489	2500	Gal
195	44	491	1800	Gal
196	67	491	1	
197	60	491	1500	Gal
198	61	495	850	Gal
199	76	504	7500	Gal
200	72	505	1250	Gal
201	73	505	85	
202	44	512	2500	Gal
203	44	514	1800	Gal
204	67	514	1	
205	60	514	1500	Gal
206	61	518	850	Gal
207	76	527	7500	Gal
208	72	528	1250	Gal
209	73	528	85	
210	44	537	2500	Gal
211	44	539	1800	Gal
212	67	539	1	
213	60	539	1500	Gal
214	61	543	850	Gal
215	76	552	7500	Gal
216	72	553	1250	Gal
217	73	553	85	
218	44	562	2500	Gal
219	44	564	1800	Gal
220	67	564	1	
221	60	564	1500	Gal
222	61	568	850	Gal
223	76	577	7500	Gal
224	72	578	1250	Gal
225	73	578	85	
226	44	587	2500	Gal
227	44	589	1800	Gal
228	67	589	1	
229	60	589	1500	Gal
230	61	593	850	Gal
231	76	602	7500	Gal
232	72	603	1250	Gal
233	73	603	85	
234	44	614	2500	Gal
235	44	616	1800	Gal
236	67	616	1	
237	60	616	1500	Gal
238	61	620	850	Gal
239	76	629	7500	Gal
240	72	630	1250	Gal
241	73	630	85	
242	44	641	2500	Gal
243	44	643	1800	Gal
244	67	643	1	
245	60	643	1500	Gal
246	61	647	850	Gal
247	76	656	7500	Gal
248	72	657	1250	Gal
249	73	657	85	
250	74	662	800	Gal
251	75	662	1500	Lbs
253	98	667	0	
254	69	668	1	
256	99	672	25	
257	100	672	1.153	
259	70	674	0	
260	69	675	1	
261	69	677	1	
263	98	685	0	
264	69	686	1	
266	99	690	25	
267	100	690	1.153	
269	70	692	0	
270	69	693	1	
271	69	695	1	
273	98	702	0	
274	69	703	1	
276	99	707	25	
277	100	707	1.153	
279	70	709	0	
280	69	710	1	
281	69	712	1	
282	96	718	0	
283	79	719	1	
284	80	719	1.235	
285	81	719	5500	Gal
286	82	719	15	Brix
291	60	723	1500	Gal
292	67	723	0	
293	50	728	250	Gal
294	44	732	350	Gal
296	49	736	0	Gal
298	48	740	45	Lbs
299	49	742	1	Gal
301	74	751	250	Gal
302	75	751	350	Lbs
303	51	752	38	Lbs
304	51	753	41	Lbs
307	74	755	0	Gal
308	75	755	0	Lbs
309	61	761	150	Gal
310	61	762	1	Gal
311	74	764	0	Gal
312	75	764	0	Lbs
313	44	768	1	Gal
314	50	771	1	Gal
315	60	774	0	Gal
316	67	774	0	
319	60	777	1500	Gal
320	67	777	1	
321	97	778	35	s
322	96	784	0	
323	79	785	1	
324	80	785	1.235	
325	81	785	5500	Gal
326	82	785	15	Brix
327	60	787	1500	Gal
328	67	787	0	
329	50	791	250	Gal
330	44	795	350	Gal
331	49	798	0	Gal
333	48	801	45	Lbs
334	49	803	1	Gal
336	74	810	250	Gal
337	75	810	350	Lbs
338	51	811	38	Lbs
339	51	812	41	Lbs
340	74	813	0	Gal
341	75	813	0	Lbs
342	61	816	150	Gal
343	61	817	1	Gal
344	74	819	0	Gal
345	75	819	0	Lbs
346	44	823	1	Gal
347	50	826	1	Gal
348	60	829	0	Gal
349	67	829	0	
350	60	831	1500	Gal
351	67	831	1	
352	97	832	35	s
353	96	838	0	
354	79	839	1	
355	80	839	1.235	
356	81	839	5500	Gal
357	82	839	15	Brix
358	60	841	1500	Gal
359	67	841	0	
360	50	845	250	Gal
361	44	849	350	Gal
362	49	852	0	Gal
364	48	855	45	Lbs
365	49	857	1	Gal
367	74	864	250	Gal
368	75	864	350	Lbs
369	51	865	38	Lbs
370	51	866	41	Lbs
371	74	867	0	Gal
372	75	867	0	Lbs
373	61	870	150	Gal
374	61	871	1	Gal
375	74	873	0	Gal
376	75	873	0	Lbs
377	44	877	1	Gal
378	50	880	1	Gal
379	60	883	0	Gal
380	67	883	0	
381	60	885	1500	Gal
382	67	885	1	
383	97	886	35	s
384	68	838	4	
385	96	892	0	
386	68	892	4	
387	79	893	1	
388	80	893	1.235	
389	81	893	5500	Gal
390	82	893	15	Brix
391	60	895	1500	Gal
392	67	895	0	
393	50	899	250	Gal
394	44	903	350	Gal
395	49	906	0	Gal
397	48	909	45	Lbs
398	49	911	1	Gal
400	74	918	250	Gal
401	75	918	350	Lbs
402	51	919	38	Lbs
403	51	920	41	Lbs
404	74	921	0	Gal
405	75	921	0	Lbs
406	61	924	150	Gal
407	61	925	1	Gal
408	74	927	0	Gal
409	75	927	0	Lbs
410	44	931	1	Gal
411	50	934	1	Gal
412	60	937	0	Gal
413	67	937	0	
414	60	939	1500	Gal
415	67	939	1	
416	97	940	35	s
419	76	948	0	Gal
420	76	949	0	Gal
421	96	951	0	
422	68	951	4	
423	79	952	1	
424	80	952	1.235	
425	81	952	5500	Gal
426	82	952	15	Brix
427	60	954	1500	Gal
428	67	954	0	
429	50	958	250	Gal
430	44	962	350	Gal
431	49	965	0	Gal
433	48	968	45	Lbs
434	49	970	1	Gal
436	74	977	250	Gal
437	75	977	350	Lbs
438	51	978	38	Lbs
439	51	979	41	Lbs
440	74	980	0	Gal
441	75	980	0	Lbs
442	61	983	150	Gal
443	61	984	1	Gal
444	74	986	0	Gal
445	75	986	0	Lbs
446	44	990	1	Gal
447	50	993	1	Gal
448	60	996	0	Gal
449	67	996	0	
450	60	998	1500	Gal
451	67	998	1	
452	97	999	35	s
455	76	1006	0	Gal
456	76	1007	0	Gal
457	78	951	0	
458	96	1009	0	
459	68	1009	4	
460	78	1009	0	
461	79	1010	1	
462	80	1010	1.235	
463	81	1010	5500	Gal
464	82	1010	15	Brix
465	60	1012	1500	Gal
466	67	1012	0	
467	50	1016	250	Gal
468	44	1020	350	Gal
469	49	1023	0	Gal
471	48	1026	45	Lbs
472	49	1028	1	Gal
474	74	1035	250	Gal
475	75	1035	350	Lbs
476	51	1036	38	Lbs
477	51	1037	41	Lbs
478	74	1038	0	Gal
479	75	1038	0	Lbs
480	61	1041	150	Gal
481	61	1042	1	Gal
482	74	1044	0	Gal
483	75	1044	0	Lbs
484	44	1048	1	Gal
485	50	1051	1	Gal
486	60	1054	0	Gal
487	67	1054	0	
488	60	1056	1500	Gal
489	67	1056	1	
490	97	1057	35	s
493	76	1064	0	Gal
494	76	1065	0	Gal
495	96	1067	0	
496	68	1067	4	
497	78	1067	0	
498	79	1068	1	
499	80	1068	1.235	
500	81	1068	5500	Gal
501	82	1068	15	Brix
502	60	1070	1500	Gal
503	67	1070	0	
504	50	1074	250	Gal
505	44	1078	350	Gal
506	49	1081	0	Gal
508	48	1084	45	Lbs
509	49	1086	1	Gal
511	74	1093	250	Gal
512	75	1093	350	Lbs
513	51	1094	38	Lbs
514	51	1095	41	Lbs
515	74	1096	0	Gal
516	75	1096	0	Lbs
517	61	1099	150	Gal
518	61	1100	1	Gal
519	74	1102	0	Gal
520	75	1102	0	Lbs
521	44	1106	1	Gal
522	50	1109	1	Gal
523	60	1112	0	Gal
524	67	1112	0	
525	60	1114	1500	Gal
526	67	1114	1	
527	97	1115	35	s
530	76	1122	0	Gal
531	76	1123	0	Gal
532	96	1125	0	
533	68	1125	4	
534	78	1125	0	
535	79	1126	1	
536	80	1126	1.235	
537	81	1126	5500	Gal
538	82	1126	15	Brix
539	60	1128	1500	Gal
540	67	1128	0	
541	50	1132	250	Gal
542	44	1136	350	Gal
543	49	1139	0	Gal
545	48	1142	45	Lbs
546	49	1144	1	Gal
548	74	1151	250	Gal
549	75	1151	350	Lbs
550	51	1152	38	Lbs
551	51	1153	41	Lbs
552	74	1154	0	Gal
553	75	1154	0	Lbs
554	61	1157	150	Gal
555	61	1158	1	Gal
556	74	1160	0	Gal
557	75	1160	0	Lbs
558	44	1164	1	Gal
559	50	1167	1	Gal
560	60	1170	0	Gal
561	67	1170	0	
562	60	1172	1500	Gal
563	67	1172	1	
564	97	1173	35	s
567	76	1180	0	Gal
568	76	1181	0	Gal
569	96	1183	0	
570	68	1183	4	
571	78	1183	0	
572	79	1184	1	
573	80	1184	1.235	
574	81	1184	5500	Gal
575	82	1184	15	Brix
576	60	1186	1500	Gal
577	67	1186	0	
578	50	1190	250	Gal
579	44	1194	350	Gal
580	49	1197	0	Gal
582	48	1200	45	Lbs
583	49	1202	1	Gal
585	74	1209	250	Gal
586	75	1209	350	Lbs
587	51	1210	38	Lbs
588	51	1211	41	Lbs
589	74	1212	0	Gal
590	75	1212	0	Lbs
591	61	1215	150	Gal
592	61	1216	1	Gal
593	74	1218	0	Gal
594	75	1218	0	Lbs
595	44	1222	1	Gal
596	50	1225	1	Gal
597	60	1228	0	Gal
598	67	1228	0	
599	60	1230	1500	Gal
600	67	1230	1	
601	97	1231	35	s
604	76	1238	0	Gal
605	76	1239	0	Gal
606	96	1241	0	
607	68	1241	4	
608	78	1241	0	
609	79	1242	1	
610	80	1242	1.235	
611	81	1242	5500	Gal
612	82	1242	15	Brix
613	60	1244	1500	Gal
614	67	1244	0	
615	50	1248	250	Gal
616	44	1252	350	Gal
617	49	1255	0	Gal
619	48	1258	45	Lbs
620	49	1260	1	Gal
622	74	1267	250	Gal
623	75	1267	350	Lbs
624	51	1268	38	Lbs
625	51	1269	41	Lbs
626	74	1270	0	Gal
627	75	1270	0	Lbs
628	61	1273	150	Gal
629	61	1274	1	Gal
630	74	1276	0	Gal
631	75	1276	0	Lbs
632	44	1280	1	Gal
633	50	1283	1	Gal
634	60	1286	0	Gal
635	67	1286	0	
636	60	1288	1500	Gal
637	67	1288	1	
638	97	1289	35	s
641	76	1296	0	Gal
642	76	1297	0	Gal
643	44	1304	2500	Gal
644	44	1306	1800	Gal
645	67	1306	1	
646	60	1306	1500	Gal
647	61	1310	850	Gal
648	76	1319	7500	Gal
649	72	1320	1250	Gal
650	73	1320	85	
651	74	1325	800	Gal
652	75	1325	1500	Lbs
653	96	1327	0	
654	79	1328	1	
655	80	1328	1.235	
656	81	1328	5500	Gal
657	82	1328	15	Brix
658	60	1330	1500	Gal
659	67	1330	0	
660	50	1334	250	Gal
661	44	1338	350	Gal
662	49	1341	0	Gal
664	48	1344	45	Lbs
665	49	1346	1	Gal
667	74	1353	250	Gal
668	75	1353	350	Lbs
669	51	1354	38	Lbs
670	51	1355	41	Lbs
671	74	1356	0	Gal
672	75	1356	0	Lbs
673	61	1359	150	Gal
674	61	1360	1	Gal
675	74	1362	0	Gal
676	75	1362	0	Lbs
677	44	1366	1	Gal
678	50	1369	1	Gal
679	60	1372	0	Gal
680	67	1372	0	
681	60	1374	1500	Gal
682	67	1374	1	
683	97	1375	35	s
684	96	1381	0	
685	68	1381	4	
686	78	1381	0	
687	79	1382	1	
688	80	1382	1.235	
689	81	1382	5500	Gal
690	82	1382	15	Brix
691	60	1384	1500	Gal
692	67	1384	0	
693	50	1388	250	Gal
694	44	1392	350	Gal
695	49	1395	0	Gal
697	48	1398	45	Lbs
698	49	1400	1	Gal
700	74	1407	250	Gal
701	75	1407	350	Lbs
702	51	1408	38	Lbs
703	51	1409	41	Lbs
704	74	1410	0	Gal
705	75	1410	0	Lbs
706	61	1413	150	Gal
707	61	1414	1	Gal
708	74	1416	0	Gal
709	75	1416	0	Lbs
710	44	1420	1	Gal
711	50	1423	1	Gal
712	60	1426	0	Gal
713	67	1426	0	
714	60	1428	1500	Gal
715	67	1428	1	
716	97	1429	35	s
719	76	1436	0	Gal
720	76	1437	0	Gal
721	68	1439	4	
722	78	1439	0	
723	79	1440	1	
724	80	1440	1.235	
725	81	1440	5500	Gal
726	82	1440	12	Brix
727	60	1442	2000	Gal
728	67	1442	0	
729	44	1446	400	Gal
730	49	1449	1	Gal
732	48	1452	45	Lbs
733	49	1453	1	Gal
735	74	1460	250	Gal
736	75	1460	400	Lbs
738	44	1462	1	Gal
739	51	1463	35	
740	48	1464	55	Lbs
741	74	1465	0	Gal
742	75	1465	0	Lbs
744	76	1467	0	Gal
745	74	1468	0	Gal
746	75	1468	0	Lbs
747	44	1472	1	Gal
748	60	1475	0	Gal
749	67	1475	0	
750	60	1477	2222	Gal
751	67	1477	1	
752	60	1478	0	Gal
753	67	1478	0	
754	97	1479	0	s
755	68	1485	4	
756	78	1485	0	
757	79	1486	1	
758	80	1486	1.235	
759	81	1486	5500	Gal
760	82	1486	12	Brix
761	60	1488	2000	Gal
762	67	1488	0	
763	44	1492	400	Gal
764	49	1495	1	Gal
766	48	1498	45	Lbs
767	49	1499	1	Gal
769	74	1506	250	Gal
770	75	1506	400	Lbs
772	44	1508	1	Gal
773	51	1509	35	
774	48	1510	55	Lbs
775	74	1511	0	Gal
776	75	1511	0	Lbs
778	76	1513	0	Gal
779	74	1514	0	Gal
780	75	1514	0	Lbs
781	44	1518	1	Gal
782	60	1521	0	Gal
783	67	1521	0	
784	60	1523	2222	Gal
785	67	1523	1	
786	60	1524	0	Gal
787	67	1524	0	
788	97	1525	0	s
789	68	1531	4	
790	78	1531	0	
791	79	1532	1	
792	80	1532	1.235	
793	81	1532	5500	Gal
794	82	1532	12	Brix
795	60	1534	2000	Gal
796	67	1534	0	
797	44	1538	400	Gal
798	49	1541	1	Gal
800	48	1544	45	Lbs
801	49	1545	1	Gal
803	74	1552	250	Gal
804	75	1552	400	Lbs
806	44	1554	1	Gal
807	51	1555	35	
808	48	1556	55	Lbs
809	74	1557	0	Gal
810	75	1557	0	Lbs
812	76	1559	0	Gal
813	74	1560	0	Gal
814	75	1560	0	Lbs
815	44	1564	1	Gal
816	60	1567	0	Gal
817	67	1567	0	
818	60	1569	2222	Gal
819	67	1569	1	
820	60	1570	0	Gal
821	67	1570	0	
822	97	1571	0	s
823	68	1577	4	
824	78	1577	0	
825	79	1578	1	
826	80	1578	1.235	
827	81	1578	5500	Gal
828	82	1578	12	Brix
829	60	1580	2000	Gal
830	67	1580	0	
831	44	1584	400	Gal
832	49	1587	1	Gal
834	48	1590	45	Lbs
835	49	1591	1	Gal
837	74	1598	250	Gal
838	75	1598	400	Lbs
840	44	1600	1	Gal
841	51	1601	35	
842	48	1602	55	Lbs
843	74	1603	0	Gal
844	75	1603	0	Lbs
846	76	1605	0	Gal
847	74	1606	0	Gal
848	75	1606	0	Lbs
849	44	1610	1	Gal
850	60	1613	0	Gal
851	67	1613	0	
852	60	1615	2222	Gal
853	67	1615	1	
854	60	1616	0	Gal
855	67	1616	0	
856	97	1617	0	s
857	68	1623	4	
858	78	1623	0	
859	79	1624	1	
860	80	1624	1.235	
861	81	1624	5500	Gal
862	82	1624	12	Brix
863	60	1626	2000	Gal
864	67	1626	0	
865	44	1630	400	Gal
866	49	1633	1	Gal
868	48	1636	45	Lbs
869	49	1637	1	Gal
871	74	1644	250	Gal
872	75	1644	400	Lbs
874	44	1646	1	Gal
875	51	1647	35	
876	48	1648	55	Lbs
877	74	1649	0	Gal
878	75	1649	0	Lbs
880	76	1651	0	Gal
881	74	1652	0	Gal
882	75	1652	0	Lbs
883	44	1656	1	Gal
884	60	1659	0	Gal
885	67	1659	0	
886	60	1661	2222	Gal
887	67	1661	1	
888	60	1662	0	Gal
889	67	1662	0	
890	97	1663	0	s
891	68	1669	4	
892	78	1669	0	
893	79	1670	1	
894	80	1670	1.235	
895	81	1670	5500	Gal
896	82	1670	12	Brix
897	60	1672	2000	Gal
898	67	1672	0	
899	44	1676	400	Gal
900	49	1679	1	Gal
902	48	1682	45	Lbs
903	49	1683	1	Gal
905	74	1690	250	Gal
906	75	1690	400	Lbs
908	44	1692	1	Gal
909	51	1693	35	
910	48	1694	55	Lbs
911	74	1695	0	Gal
912	75	1695	0	Lbs
914	76	1697	0	Gal
915	74	1698	0	Gal
916	75	1698	0	Lbs
917	44	1702	1	Gal
918	60	1705	0	Gal
919	67	1705	0	
920	60	1707	2222	Gal
921	67	1707	1	
922	60	1708	0	Gal
923	67	1708	0	
924	97	1709	0	s
925	68	1715	4	
926	78	1715	0	
927	79	1716	1	
928	80	1716	1.235	
929	81	1716	5500	Gal
930	82	1716	12	Brix
931	60	1718	2000	Gal
932	67	1718	0	
933	44	1722	400	Gal
934	49	1725	1	Gal
936	48	1728	45	Lbs
937	49	1729	1	Gal
939	74	1736	250	Gal
940	75	1736	400	Lbs
942	44	1738	1	Gal
943	51	1739	35	
944	48	1740	55	Lbs
945	74	1741	0	Gal
946	75	1741	0	Lbs
948	76	1743	0	Gal
949	74	1744	0	Gal
950	75	1744	0	Lbs
951	44	1748	1	Gal
952	60	1751	0	Gal
953	67	1751	0	
954	60	1753	2222	Gal
955	67	1753	1	
956	60	1754	0	Gal
957	67	1754	0	
958	97	1755	0	s
959	68	1763	4	
960	78	1763	0	
961	79	1764	1	
962	80	1764	1.235	
963	81	1764	5500	Gal
964	82	1764	12	Brix
965	60	1766	2000	Gal
966	67	1766	0	
967	44	1770	400	Gal
968	49	1773	1	Gal
970	48	1776	45	Lbs
971	49	1777	1	Gal
973	74	1784	250	Gal
974	75	1784	400	Lbs
976	44	1786	1	Gal
977	51	1787	35	
978	48	1788	55	Lbs
979	74	1789	0	Gal
980	75	1789	0	Lbs
982	76	1791	0	Gal
983	74	1792	0	Gal
984	75	1792	0	Lbs
985	44	1796	1	Gal
986	60	1799	0	Gal
987	67	1799	0	
988	60	1801	2222	Gal
989	67	1801	1	
990	60	1802	0	Gal
991	67	1802	0	
992	97	1803	0	s
993	73	1784	1500	
994	72	1784	400	Gal
995	68	1811	4	
996	78	1811	0	
997	79	1812	1	
998	80	1812	1.235	
999	81	1812	5500	Gal
1000	82	1812	12	Brix
1001	60	1814	2000	Gal
1002	67	1814	0	
1003	44	1818	400	Gal
1004	49	1821	1	Gal
1006	48	1824	45	Lbs
1007	49	1825	1	Gal
1009	74	1832	250	Gal
1010	75	1832	400	Lbs
1011	73	1832	1999	
1012	72	1832	500	Gal
1014	44	1834	1	Gal
1015	51	1835	35	
1016	48	1836	55	Lbs
1017	74	1837	0	Gal
1018	75	1837	0	Lbs
1020	76	1839	0	Gal
1021	74	1840	0	Gal
1022	75	1840	0	Lbs
1023	44	1844	1	Gal
1024	60	1847	0	Gal
1025	67	1847	0	
1026	60	1849	2222	Gal
1027	67	1849	1	
1028	60	1850	0	Gal
1029	67	1850	0	
1030	97	1851	0	s
1031	68	1859	4	
1032	78	1859	0	
1033	79	1860	1	
1034	80	1860	1.235	
1035	81	1860	5500	Gal
1036	82	1860	12	Brix
1037	60	1862	2000	Gal
1038	67	1862	0	
1039	44	1866	400	Gal
1040	49	1869	1	Gal
1042	48	1872	45	Lbs
1043	49	1873	1	Gal
1045	74	1880	250	Gal
1046	75	1880	400	Lbs
1047	73	1880	1999	
1048	72	1880	500	Gal
1050	44	1882	1	Gal
1051	51	1883	35	
1052	48	1884	55	Lbs
1053	74	1885	0	Gal
1054	75	1885	0	Lbs
1056	76	1887	0	Gal
1057	74	1888	0	Gal
1058	75	1888	0	Lbs
1059	44	1892	1	Gal
1060	60	1895	0	Gal
1061	67	1895	0	
1062	60	1897	2222	Gal
1063	67	1897	1	
1064	60	1898	0	Gal
1065	67	1898	0	
1066	97	1899	0	s
1067	57	1883	33	Lbs
1068	68	1907	4	
1069	78	1907	0	
1070	79	1908	1	
1071	80	1908	1.235	
1072	81	1908	5500	Gal
1073	82	1908	12	Brix
1074	60	1910	2000	Gal
1075	67	1910	0	
1076	44	1914	400	Gal
1077	49	1917	1	Gal
1079	48	1920	45	Lbs
1080	49	1921	1	Gal
1082	74	1928	250	Gal
1083	75	1928	400	Lbs
1084	73	1928	1999	
1085	72	1928	0	Gal
1087	44	1930	1	Gal
1088	51	1931	35	
1089	57	1931	33	Lbs
1090	48	1932	55	Lbs
1091	74	1933	0	Gal
1092	75	1933	0	Lbs
1094	76	1935	0	Gal
1095	74	1936	0	Gal
1096	75	1936	0	Lbs
1097	44	1940	1	Gal
1098	60	1943	0	Gal
1099	67	1943	0	
1100	60	1945	2222	Gal
1101	67	1945	1	
1102	60	1946	0	Gal
1103	67	1946	0	
1104	97	1947	0	s
1105	57	1954	0	Lbs
1106	58	1955	0	Gal
1107	59	1955	450	
1108	59	1956	0	
1109	65	1956	0	
1110	58	1957	333	Gal
1111	68	1960	4	
1112	78	1960	0	
1113	79	1961	1	
1114	80	1961	1.235	
1115	81	1961	5500	Gal
1116	82	1961	12	Brix
1117	60	1963	2000	Gal
1118	67	1963	0	
1119	44	1967	400	Gal
1120	49	1970	1	Gal
1122	48	1973	45	Lbs
1123	49	1974	1	Gal
1125	74	1981	250	Gal
1126	75	1981	400	Lbs
1127	73	1981	1999	
1128	72	1981	0	Gal
1130	44	1983	1	Gal
1131	51	1984	35	
1132	57	1984	33	Lbs
1133	48	1985	55	Lbs
1134	74	1986	0	Gal
1135	75	1986	0	Lbs
1137	76	1988	0	Gal
1138	74	1989	0	Gal
1139	75	1989	0	Lbs
1140	44	1993	1	Gal
1141	60	1996	0	Gal
1142	67	1996	0	
1143	60	1998	2222	Gal
1144	67	1998	1	
1145	60	1999	0	Gal
1146	67	1999	0	
1147	97	2000	0	s
1148	57	2007	0	Lbs
1149	58	2008	0	Gal
1150	59	2008	450	
1151	59	2009	0	
1152	65	2009	0	
1153	58	2010	100	Gal
1154	68	2013	4	
1155	78	2013	0	
1156	79	2014	1	
1157	80	2014	1.235	
1158	81	2014	5500	Gal
1159	82	2014	12	Brix
1160	60	2016	2000	Gal
1161	67	2016	0	
1162	44	2020	400	Gal
1163	49	2023	1	Gal
1165	48	2026	45	Lbs
1166	49	2027	1	Gal
1168	74	2034	250	Gal
1169	75	2034	400	Lbs
1170	73	2034	1999	
1171	72	2034	0	Gal
1173	44	2036	1	Gal
1174	51	2037	35	
1175	57	2037	33	Lbs
1176	48	2038	55	Lbs
1177	74	2039	0	Gal
1178	75	2039	0	Lbs
1180	76	2041	0	Gal
1181	74	2042	0	Gal
1182	75	2042	0	Lbs
1183	44	2046	1	Gal
1184	60	2049	0	Gal
1185	67	2049	0	
1186	60	2051	2222	Gal
1187	67	2051	1	
1188	60	2052	0	Gal
1189	67	2052	0	
1190	97	2053	0	s
1191	57	2060	0	Lbs
1192	58	2061	0	Gal
1193	59	2061	450	
1194	59	2062	0	
1195	65	2062	0	
1196	58	2063	100	Gal
1197	55	2065	350	Gal
1198	57	2066	350	Lbs
1199	68	2068	4	
1200	78	2068	0	
1201	79	2069	1	
1202	80	2069	1.235	
1203	81	2069	5500	Gal
1204	82	2069	12	Brix
1205	60	2071	2000	Gal
1206	67	2071	0	
1207	44	2075	400	Gal
1208	49	2078	1	Gal
1210	48	2081	45	Lbs
1211	49	2082	1	Gal
1213	74	2089	250	Gal
1214	75	2089	400	Lbs
1215	73	2089	1999	
1216	72	2089	0	Gal
1218	44	2091	1	Gal
1219	51	2092	35	
1220	57	2092	33	Lbs
1221	48	2093	55	Lbs
1222	74	2094	0	Gal
1223	75	2094	0	Lbs
1225	76	2096	0	Gal
1226	74	2097	0	Gal
1227	75	2097	0	Lbs
1228	44	2101	1	Gal
1229	60	2104	0	Gal
1230	67	2104	0	
1231	60	2106	2222	Gal
1232	67	2106	1	
1233	60	2107	0	Gal
1234	67	2107	0	
1235	97	2108	0	s
1236	57	2115	0	Lbs
1237	58	2116	0	Gal
1238	59	2116	450	
1239	59	2117	0	
1240	65	2117	0	
1241	58	2118	100	Gal
1242	55	2120	350	Gal
1243	57	2121	350	Lbs
1244	68	2124	4	
1245	78	2124	0	
1246	79	2125	1	
1247	80	2125	1.235	
1248	81	2125	5500	Gal
1249	82	2125	12	Brix
1250	60	2127	2000	Gal
1251	67	2127	0	
1252	44	2131	400	Gal
1253	49	2134	1	Gal